110001
1001110110011111101011111001111101100010111011101000001010001111010111110110100011100011100000100101111010001110000111011101101000
110000111001110000110001110010110011110100110010110011110100
11010111101000110000111011101101000110111011001111110101111100111001011101110110011111001110000110001100000011001111101101110000111010011101100101110110001111011111101101
110000110011101111110000111001101111110010110000110000110001
100111011000011101101
110011
1001110110011111101011111001111101100010111011101000001000100001110110011011101101000100000100111011000011101101
110000111001110000110101110111111000110010110010110011110100
1101110110011111101011111001110111011000011101101110110111001100000011001111101101110000111010011101100101110110001111011111101101
110010110000110000110001101101110000110001101101110001111000
100111011000011101101
